___________________
Исходная матрица
1  4  0  1  3  

0  3  -1  -4  -2  

2  1  0  -1  -3  

-3  -3  4  0  -1  

-1  2  -1  0  4  

___________________
Поворот на 90 градусов
3  -2  -3  -1  4  

1  -4  -1  0  0  

0  -1  0  4  -1  

4  3  1  -3  2  

1  0  2  -3  -1  

___________________
Поворот на 90 градусов и деление на сумму соседних
-3.0   0.5   0.75   -1.0   -4.0   

-1.0   1.33   0.14   0.0   0.0   

0.0   1.0   0.0   -1.0   -0.17   

1.0   0.75   0.5   -0.75   -0.4   

0.25   0.0   -1.0   1.5   1.0   

___________________
Поворот на 180 градусов
4  0  -1  2  -1  

-1  0  4  -3  -3  

-3  -1  0  1  2  

-2  -4  -1  3  0  

3  1  0  4  1  

___________________
Поворот на 180 градусов и деление на сумму соседни
-4.0   0.0   -0.17   -0.4   1.0   

-1.0   0.0   -1.0   -0.75   1.5   

0.75   0.14   0.0   0.5   -1.0   

0.5   1.33   1.0   0.75   0.0   

-3.0   -1.0   0.0   1.0   0.25   

___________________
Поворот на 270 градусов
-1  -3  2  0  1  

2  -3  1  3  4  

-1  4  0  -1  0  

0  0  -1  -4  1  

4  -1  -3  -2  3  

___________________
Поворот на 270 градусов и деление на сумму соседни
1.0   1.5   -1.0   0.0   0.25   

-0.4   -0.75   0.5   0.75   1.0   

-0.17   -1.0   0.0   1.0   0.0   

0.0   0.0   0.14   1.33   -1.0   

-4.0   -1.0   0.75   0.5   -3.0   

